I 20 22 73
I 25 20 122
I 20 7 209
R 20 1
R 15 13
I 20 49 10
I 15 2 910
I 10 30 323
I 25 18 581
I 25 21 709
I 10 20 130
R 20 2
R 10 23
I 10 7 288
R 15 45
R 25 32
I 25 28 234
I 10 14 277
I 10 14 396
I 15 6 491
I 25 36 412
I 20 2 483
R 25 14
R 20 18
R 10 5
I 15 36 951
I 20 27 879
I 10 47 172
I 10 39 17
I 15 28 141
I 20 28 322
I 20 5 125
R 20 18
R 15 4
R 25 23
R 10 3
R 25 5
I 10 40 156
I 20 6 958
R 10 25
R 15 37
I 10 25 682
I 10 9 360
I 10 17 222
I 10 9 217
I 15 24 918
I 20 5 348
I 25 47 967
R 15 45
R 25 41
R 20 33
I 10 41 801
I 20 21 554
I 20 38 134
I 25 16 482
R 10 1
I 10 0 569
I 10 29 922
I 10 0 99
R 15 10
R 25 29
I 10 9 271
I 10 34 928
I 20 18 286
I 10 5 643
I 25 27 777
R 10 32
R 25 47
R 10 20
R 25 46
I 10 39 982
I 25 29 444
I 20 7 201
I 25 25 937
R 10 12
R 10 24
R 15 17
I 20 2 817
I 25 16 410
I 20 34 598
I 25 49 227
I 15 28 923
I 20 11 574
I 25 50 281
I 10 30 346
I 20 33 778
R 20 14
R 10 42
I 25 2 155
I 20 29 835
I 20 44 35
I 20 32 699
I 20 9 609
I 20 19 78
R 20 28
I 10 23 513
I 15 45 813
I 25 15 967
I 25 29 323
R 10 41
R 15 26
I 10 38 510
I 25 12 376
I 25 36 699
R 15 12
R 15 28
I 20 33 944
R 20 7
R 25 10
R 20 27
