I 6 49 779
I 45 27 714
I 85 13 843
I 6 42 883
I 45 48 815
I 45 9 187
P
S 40 50 40 50
I 15 46 957
I 49 46 382
I 30 36 73
I 65 23 898
R 73 50
Y 45
R 99 14
I 15 38 642
I 29 35 915
F 29 35
R 65 23
F 65 23
R 25 31
I 65 18 772
P
I 25 14 904
I 30 36 476
I 10 42 625
I 85 36 51
I 29 40 944
I 78 13 372
I 45 20 732
R 85 36
F 45 20
R 49 19
R 29 5
I 45 44 584
I 65 14 156
I 7 5 840
I 10 8 302
R 73 33
R 78 13
R 6 39
I 99 22 556
I 10 48 840
Y 25
I 25 39 392
R 29 30
I 20 27 313
I 61 15 599
I 58 9 408
I 98 29 232
I 45 7 887
F 6 42
I 7 46 786
R 61 14
R 85 50
I 29 17 716
I 29 50 267
I 6 12 365
R 49 13
R 45 28
R 73 2
I 10 6 319
Y 10
P
I 99 7 748
I 73 32 565
R 73 33
R 20 33
R 78 26
S 5 30 20 40
I 10 46 691
I 15 49 215
I 29 50 432
R 73 32
R 20 35
I 15 3 733
I 85 20 716
I 45 41 489
I 45 14 307
I 45 48 490
Y 45
I 58 5 169
I 6 26 521
I 10 43 608
I 61 3 31
R 65 13
R 6 25
I 20 45 402
I 20 1 503
S 15 25 40 50
R 15 32
R 35 17
I 29 1 402
I 98 45 66
I 35 31 864
I 20 26 291
R 6 44
F 73 32
R 7 38
I 25 39 636
I 29 8 470
R 85 2
R 99 10
F 10 6
R 29 20
I 35 31 332
I 73 4 899
S 65 75 35 40
R 7 20
R 73 10
R 85 43
I 78 12 618
I 7 9 200
I 45 23 248
I 78 40 67
R 35 36
I 15 18 121
I 65 5 104
F 65 5
Y 65
P
